Movie_i,Movie_j
780,1206
780,2712
2628,3608
1917,2395
780,2395
1206,1721
1206,2628
1721,1732
2628,2657
1997,2628
1721,2395
780,2959
1544,1732
1206,1917
1721,2959
1917,2712
968,2628
2628,3176
25,2628
1917,3160
1721,2700
2395,2628
2628,2959
736,2395
1917,3608
780,3608
1527,1721
1721,3052
1183,2907
1206,3623
1035,1732
2431,3160
1544,2710
2384,2628
2706,3160
2395,2706
2617,2712
1721,2826
1917,2427
1183,2628
1732,2628
25,780
25,1917
2628,3160
2617,2710
2628,2700
780,3176
780,2427
25,104
1721,3160
780,2600
2683,3176
1183,3052
2628,2710
780,2710
1917,2710
1917,1997
1391,1721
780,1997
780,3160
736,2712
1917,2976
2427,3156
1721,3535
1721,2710
1917,3176
1527,1997
2959,3623
1035,2826
1544,2959
780,2700
25,2431
1573,2395
736,1206
1721,2723
1373,2959
780,1732
1721,2427
2628,3535
1380,1732
1035,1206
1527,2710
736,3608
736,2959
1917,2959
3608,3623
1676,2712
231,2657
2427,2683
1721,3033
2710,3354
2712,3156
2427,2706
736,1732
1721,2712
1917,2600
780,1884
1732,1917
1373,2700
736,2700
1380,2959
1923,2628
2431,3608
25,2706
780,1183
344,2395
1035,2959
1544,2395
104,3176
1573,2710
1380,3535
1544,2723
736,3160
2431,2710
25,1721
1088,1997
1721,3785
1923,3176
344,3535
1732,3176
1380,3160
1732,2706
2459,2628
3160,3354
2395,2683
2427,2617
2427,2628
1917,2723
2628,3070
2706,3176
1544,3608
1088,1732
344,3160
1923,2617
104,2427
780,2976
104,2384
104,3160
1391,1917
1721,1924
1923,1924
2683,2712
532,3156
2617,2700
104,1183
780,785
1035,2710
968,1721
1035,2683
2427,2431
25,1088
1183,1544
70,1035
1732,2617
1206,3273
785,2384
1517,1721
2022,2628
208,2710
1732,2431
1391,2628
231,1527
25,1676
1721,3608
2700,3354
780,3535
2710,3033
785,2628
1676,3176
2959,3354
1573,2427
1721,3070
2384,2826
1676,3160
2628,2712
1088,2395
3160,3785
104,2395
104,2712
780,2022
1183,3146
344,1206
2959,3176
2683,3535
1573,2959
344,2427
2395,3354
2628,2683
2395,2431
1732,3623
780,2657
1088,3608
1721,2657
1732,3156
2826,3160
2706,2712
344,2657
1206,2710
1405,2628
25,1527
1183,2617
1035,2712
2617,2959
736,2710
70,1183
1721,1997
780,968
327,1721
1035,3752
1573,2657
25,3273
1088,2710
1721,2628
1035,3160
2628,2723
1517,2628
1206,2706
1035,3623
1573,1997
1527,2712
2706,3608
2617,3176
2431,2700
1183,1573
2021,3608
1573,3160
216,3160
25,2683
1721,2976
1373,2395
1997,2723
2683,3160
1183,1923
208,2959
780,1517
1573,2384
1373,2710
25,3623
532,2628
1206,2683
1997,3052
1206,3354
2710,3623
1035,2628
2712,3052
2657,2683
1206,1544
2712,3225
1544,2427
968,2431
2712,2826
1088,3160
1544,3176
1206,1573
2706,2710
2959,3156
2700,3176
1380,2395
1923,2657
1035,1997
1527,3535
288,2628
611,3754
1573,2712
1676,1732
1035,2723
1917,2700
1206,3785
785,3623
3033,3176
2861,3160
1088,3176
1997,2431
2706,2976
2395,2617
1573,3176
2395,3623
1721,3176
1206,2723
2384,2683
70,2395
1923,2710
2427,3052
1183,2683
780,2384
780,2723
1206,1676
104,3535
3176,3785
19,2657
968,1917
2700,3623
25,2617
2723,3354
1923,2021
1573,1732
1997,3176
1206,1527
1183,3608
2861,2959
1035,2700
1917,2657
2617,3160
1997,2617
1183,2700
1527,1923
2384,2959
1088,1206
288,1721
1183,2723
288,2384
736,2427
1391,1573
1676,2657
2683,2959
736,1997
780,1391
104,2976
1573,1923
1923,2395
1527,3608
785,1721
2683,2976
1544,2976
2657,3623
1206,1380
674,2628
2617,3608
2683,2710
3176,3752
216,968
1183,1391
3160,3273
104,2710
1206,3156
2384,3146
2384,3033
736,3176
1917,3535
2700,2826
1527,3176
1059,2628
3052,3676
1676,2395
2700,2710
2712,3623
1183,2959
1676,2427
736,1923
785,1544
1380,2427
2431,2712
1544,2700
1183,1917
25,736
2628,3785
104,1035
780,1923
1544,2712
1923,2427
1035,3146
1517,2617
2431,3176
25,1373
104,1206
25,3052
1997,3623
288,780
1721,1884
1721,2600
2712,2723
25,231
208,2683
2253,3535
1721,2706
1206,2335
1088,2700
1035,1923
1544,1923
1997,2959
2700,2861
736,3535
2021,2384
3160,3623
1391,3623
785,1380
3176,3623
1726,2710
2706,2959
25,1573
2021,2700
2617,3535
1416,2387
1206,1923
1035,3535
1924,2706
1573,2628
1380,3608
344,2959
344,3354
208,2700
208,2657
1183,1676
1676,2959
2427,3785
780,3676
1721,2683
2657,2959
1527,2395
25,2826
2706,3676
2395,2657
25,3785
1573,2700
25,3754
70,1732
2361,2628
3535,3623
1923,3354
344,1527
25,2657
968,1183
1088,1517
231,2021
1544,1997
785,1035
104,2617
1527,2700
208,2395
1573,2723
1205,2314
1517,3176
1917,2384
1391,1544
1183,1206
1544,2657
2395,2826
1183,2384
1206,2617
2723,3785
736,1517
1035,3608
736,968
2657,3160
1373,2427
2363,2628
25,344
1059,2700
1183,1997
70,2712
3156,3176
208,1923
968,3623
736,2657
1732,3273
344,2710
1527,3160
1035,1517
1035,2395
1573,3608
1997,2683
2628,3676
1391,2384
1380,2710
1183,1405
1917,2022
2710,3752
2395,3785
1416,3354
2710,3176
1035,2706
3354,3535
3070,3160
785,2710
2628,2706
736,1183
70,1721
70,3176
736,1391
2335,3176
968,1380
3354,3608
2976,3354
1088,2723
2657,2710
1088,2959
25,2907
2710,2959
1517,1917
1380,1997
1544,3535
736,785
2706,3535
2384,3052
70,3160
208,1997
25,3070
1676,2710
1676,1721
2710,3156
1373,3608
1380,2700
1206,2431
344,1924
1721,1923
1721,2021
1380,3176
611,1183
288,1035
1183,1732
2683,3070
288,2723
2253,2710
736,3070
1924,2861
968,2683
25,3033
231,1206
1527,3623
70,2628
2384,3917
344,2712
1732,1923
1527,2628
1517,2712
2861,3176
25,1544
3052,3176
785,2657
1059,3146
1923,3160
231,1035
2712,3785
2657,2826
2387,3176
1380,1391
2710,3070
1183,1924
1373,2723
2395,3052
288,736
208,2706
2387,3160
785,3176
25,70
1405,1721
231,1183
231,2959
1183,3354
1997,2706
2826,3176
1917,2363
1517,2959
1035,2617
2700,2712
25,1205
1884,3176
2384,2976
344,1183
1059,1997
1573,3535
70,2710
1721,2363
1721,2384
1405,2826
1183,1527
1923,2712
1059,3176
1573,3676
1573,2683
532,1917
2384,3623
968,2826
1732,1997
1527,1573
968,1373
1373,3910
1527,2427
1544,3160
780,2459
1676,2384
1483,3156
1205,1721
1544,2022
25,1517
344,3070
3052,3608
25,2606
1206,1517
344,2021
2657,3608
208,2976
1035,1391
1391,1997
1035,3176
2710,2826
1923,2976
70,2723
1884,3273
1517,2657
1183,2335
2459,3176
1517,3354
1544,2314
1206,3176
1035,3052
3176,3354
1405,2021
1206,1373
1923,3070
2600,2628
2427,3623
70,2427
1917,3676
2335,3160
1380,3354
2712,3273
1517,1544
1517,1527
25,3608
1676,2976
288,1544
1573,1721
785,1917
288,1917
1923,2361
2617,2706
366,1721
1676,2700
2427,3752
2657,2706
968,2959
2395,3176
1527,1732
785,1373
736,2723
1391,2710
1183,2459
1732,2826
1732,2657
1884,1917
1923,3273
2253,3160
1517,2384
2427,2959
3176,3225
288,1380
344,2700
1206,2861
1721,2617
1544,3070
2706,2723
3176,3608
1088,2712
1544,1884
1183,1517
1183,1721
216,2712
2628,3917
1544,3052
1373,1391
532,780
968,1416
1380,1923
968,1059
2657,2723
1205,2976
104,2657
2628,2907
1206,3033
2395,3156
2657,3033
2617,2657
288,2710
344,2628
25,3146
1183,2710
2826,3608
25,3354
2710,3754
2710,3273
1527,2683
1676,2459
1517,1573
25,208
2657,3752
25,2700
208,1206
1380,1527
231,2617
2710,3785
780,1059
25,2363
2253,2427
1380,2976
2022,3623
532,1573
1997,2384
344,1035
25,1923
25,2335
104,1997
2628,2976
1373,1997
1405,2657
231,736
1997,3156
1517,1997
2628,2826
736,2683
1527,2706
1527,2959
1391,3160
2712,3354
2657,2861
3156,3160
1206,2021
1088,3535
736,1884
968,2617
1997,3070
1059,1206
1676,3676
1183,2976
1721,3354
1391,2712
1517,2710
2959,3608
288,2683
1059,1373
2976,3623
785,2617
3160,3176
1732,2712
2431,2976
785,1573
1206,3754
2657,2712
231,2395
2021,2710
2431,2959
2710,3160
2427,2710
2657,3052
2710,3052
1347,2628
208,1183
2384,2431
1391,2683
344,2826
327,1035
532,1088
2384,2706
1059,3608
1997,3160
1527,3917
1676,1997
674,1721
1997,2657
780,2363
1923,3608
2335,2710
104,3070
2959,3785
1373,3176
1997,3033
1573,2459
2021,2617
1923,3052
1183,2706
3052,3623
968,3052
1088,2628
780,2314
70,2384
1380,2706
3070,3273
968,1544
1035,2427
19,2712
25,3176
2723,3917
1183,1373
1380,1405
968,3354
1373,2361
2723,3176
288,1573
1380,2723
3070,3176
2617,2723
1380,3623
288,2431
25,2723
2395,2710
3156,3676
1884,2617
19,2395
968,2706
780,3070
1373,2706
785,1527
785,3273
1380,2712
1544,3033
968,1573
1573,3070
3033,3623
2617,2628
1573,1884
2395,2861
1391,2021
2712,2861
2021,2628
1405,3623
1924,2683
736,2022
1923,1997
1923,2959
1721,3676
1059,1676
3156,3608
1059,1527
1416,2427
1206,3052
1380,2628
2335,2712
70,1206
1391,1923
1347,1732
1205,2710
1183,2861
2335,2395
1206,2253
1544,2600
208,1517
2683,3608
2253,2628
1405,1544
216,3176
2361,2959
2021,3623
532,2959
1517,3535
216,3535
1732,3785
25,785
1732,2384
1517,2361
104,1544
25,1380
1183,2395
1917,3070
1573,2826
1923,2826
2959,3273
1997,2700
1573,3354
3156,3535
1059,3052
968,1088
2710,2976
2628,3033
1373,3160
1373,1732
785,3160
1391,2706
344,3176
785,2431
231,2628
1183,3623
2700,3156
2976,3785
288,2706
2700,3225
1206,2826
1035,3156
1206,2384
104,736
2395,3033
1923,2723
780,3752
1380,1676
3608,3785
2683,2826
1721,2022
2363,2617
1059,2617
3033,3535
2427,3273
25,1035
2021,3910
785,1059
1676,1884
344,2723
1088,1405
2710,2861
216,2395
1924,2826
1183,2826
2314,2861
1183,3033
1035,2384
780,2361
1544,2384
2657,3354
1676,3608
1206,2657
1373,1923
2712,3146
2384,3785
70,1380
1732,2861
1405,1573
736,1405
1059,1405
19,1035
2431,3535
2723,2959
2628,3273
1373,1517
1676,2431
1676,3535
3176,3917
2363,2683
19,2959
1917,3052
1416,1676
1380,3052
2826,2959
1205,2395
1527,2657
1183,3176
327,2628
1517,3156
1035,1917
208,2427
231,3070
1391,2431
1205,3176
1923,3623
208,1732
785,1088
288,2861
968,1517
968,1035
1347,2431
1517,3225
1391,2861
1088,2427
968,2723
216,3754
2706,3070
2335,2384
1405,3354
2907,3160
231,1380
2253,3176
231,2710
2628,3052
1924,3354
231,1924
1997,2710
1380,2826
1517,1676
231,3354
3052,3354
3070,3354
1517,2976
1573,2021
2363,3785
2361,3176
344,2976
2395,3273
2700,2706
1544,2683
1059,3160
208,2712
2431,2723
2384,2657
25,2021
1721,3146
19,1527
1405,2959
2723,3623
25,1391
780,2683
2723,3160
968,2021
2314,3785
2700,3273
532,1380
2706,3052
1183,2657
785,2363
327,1923
1373,2712
1517,2427
1035,1527
2395,3752
2907,2959
780,2628
1059,2706
25,327
2706,3623
3785,3910
104,1924
968,1923
1732,3535
344,2617
2683,2700
1676,2628
2431,3052
1527,1917
1183,3156
1732,2700
1183,3785
104,2314
1183,1347
1732,3160
1059,3033
2427,3033
70,2683
1035,1676
1035,2976
2723,2861
2363,3052
2363,3176
2712,3033
2710,2712
1732,2710
2021,2427
104,532
104,2628
1917,2459
2021,2683
25,2959
780,3052
1573,2706
366,2959
1205,2427
968,1527
2459,3052
327,2706
2826,3676
2395,3535
216,1206
1544,1573
736,2976
1183,2021
1088,1923
1573,2600
70,780
532,1527
1676,2683
2021,3160
1059,2427
1884,2683
216,1183
1416,1884
1517,3623
2363,2712
1373,1405
288,2657
3535,3785
1391,2976
1421,2826
1035,2657
1183,3273
968,2861
1035,1183
1035,1884
968,1732
2363,3623
1035,3273
736,3033
1059,1544
70,2976
208,3608
1997,3754
2427,2826
1059,1917
2617,3033
288,1676
1380,2459
344,1732
327,2712
1373,2683
2021,2395
532,2826
1527,1544
1059,1517
1917,1923
288,2617
1923,3535
2021,2959
25,3752
2712,3176
3176,3910
3033,3754
104,1721
2700,3070
3052,3156
532,1544
2683,3052
1573,3785
2617,3752
25,2384
3156,3623
1391,1416
2253,2700
1924,3910
1183,3535
1416,1923
2657,3156
216,1035
19,3535
532,1721
674,1676
736,3052
2712,2959
288,1088
2427,2657
1924,2628
208,2600
1884,2628
2700,3160
2657,3535
1391,3176
2600,3623
785,1183
208,1391
2683,3623
2021,2657
3146,3176
1676,1923
780,1405
1059,1732
2617,3052
1405,2395
2712,3070
231,3052
1917,2826
1416,3752
2253,2712
532,1923
1205,3160
1923,2022
1517,3070
1405,2431
2861,3535
1059,1726
104,968
2683,3354
1721,2459
1721,3569
208,2022
785,2395
19,1924
2022,2683
1035,2335
288,3535
1923,2253
70,674
1391,2959
1726,2395
1088,2361
1573,2976
1035,1544
1732,2600
288,3354
70,3754
1732,3354
2706,3354
2021,2706
2384,2617
1923,2384
2021,3176
1373,1721
1527,3676
1391,2427
288,2826
288,3754
2723,3273
104,3623
2710,2723
2959,3052
1517,1924
366,2628
1405,2617
1676,3623
288,1732
1206,1347
1997,3354
1183,3917
2384,2600
2427,3354
1405,3160
785,3052
2723,3052
1997,2427
1732,2683
288,3623
1517,3160
1035,3785
3033,3917
2600,3225
2253,2395
288,3176
1373,2657
2021,2976
2657,3176
231,3176
2021,2712
2395,2723
1732,3070
1183,2315
2959,3754
1527,2384
25,1183
1391,3354
1059,2710
1732,3052
2427,2700
736,2628
1721,2387
231,1088
104,1573
785,2959
1059,1923
2384,2395
208,1380
1380,3070
288,1527
1088,3052
208,288
1997,2826
3052,3160
1527,3033
208,1405
104,2959
1035,3354
1732,2459
2384,3354
780,1035
3033,3354
2395,2700
3070,3752
2976,3752
1997,2335
2826,3052
785,3070
1997,3785
2384,3273
1721,3752
1923,3033
2384,3160
1527,2459
1059,2712
70,2657
2657,2700
1884,2706
785,2600
1527,3354
288,2700
3752,3910
736,3676
1732,2959
2335,3535
344,2384
785,3156
231,1917
736,1676
216,1721
736,2826
1517,2395
1373,2022
208,3160
1544,2021
344,1416
344,3913
344,1917
2427,2723
231,3160
3146,3913
1416,3176
1035,3033
736,1924
1347,2683
2253,2384
1088,2683
231,2384
19,1997
19,3176
1917,2683
1183,3160
104,288
2427,3225
2826,2976
2600,2706
288,3273
344,1721
104,3354
3273,3535
327,2427
25,216
216,2976
1416,1997
1380,2384
2617,2683
1573,2022
2275,2314
1416,3070
104,1732
288,3156
3176,3273
19,3160
1380,1917
1380,1884
2683,2861
785,2427
1035,1405
1676,1924
1347,2275
2395,3146
1405,1917
1373,1573
2600,3354
208,2628
532,1676
2387,2657
344,1997
70,1573
785,3910
104,2022
1206,2606
1517,2021
19,1416
231,2723
780,1527
1059,2021
2700,2723
1544,2459
1416,3146
611,3052
2710,3225
532,3623
288,3785
1997,2395
2021,3273
780,3785
231,780
231,1373
780,1924
216,2657
1527,3752
344,968
70,1517
231,1997
3052,3535
2700,2976
1517,2861
231,1416
785,2700
2483,3623
3052,3070
968,2710
1391,2700
1573,3052
674,1088
3273,3608
70,3354
2363,3273
2723,3676
1416,1732
1035,2861
208,3176
327,344
532,1183
104,1391
1206,1391
674,1183
674,2395
231,2427
532,3033
231,2253
2253,2706
1035,1573
2335,2427
70,2861
2617,3864
3225,3910
1059,3623
1088,1391
231,2712
344,3052
25,1059
2723,3535
780,2387
2706,3917
3146,3608
1347,2021
70,2706
1527,3273
1391,1527
2976,3070
2700,3052
1527,3070
736,2600
1421,2976
1035,2606
2606,3176
2959,3033
611,2022
785,2021
2700,3033
780,1573
1517,1884
19,1206
1391,2617
1380,2600
104,1380
1923,2861
288,3608
2021,3052
70,1059
1183,3754
1544,2826
1721,3917
1917,2628
2657,2976
327,780
344,1544
2395,3070
344,2022
1573,2253
2315,2628
2253,3676
2861,3052
2021,2723
1726,2384
736,1527
1183,2712
1917,2021
231,2826
1206,1405
2600,2710
1391,3052
231,3225
2600,3176
2706,2826
2826,3535
2617,2976
1997,2021
208,2384
1923,3910
1917,3785
216,1997
70,3033
2361,2706
1416,2826
104,1527
1517,2431
288,3052
1206,3070
1391,1517
1997,2253
780,2706
1035,2021
1721,3623
2657,3070
611,2427
2657,3273
2022,2617
674,1917
1391,3785
25,2861
1059,2683
2861,3608
1544,3676
1923,2431
2683,3917
2600,3785
104,2723
216,2314
1997,2861
1380,2617
344,1573
1923,2700
532,2706
208,968
1517,3917
780,3033
1884,2384
2861,3070
780,1676
1035,3070
208,3273
70,1373
327,1183
2723,3033
1544,3785
231,2363
1373,3535
1721,2314
3052,3917
611,3160
2253,2959
25,3535
2431,2683
1405,2427
1391,3910
1205,1206
1483,2395
3160,3917
968,3176
104,1347
70,1527
19,2361
1391,3156
1205,1923
25,2600
1206,2959
1347,2712
780,1483
2617,3785
288,2395
2315,2395
70,2617
674,2710
1416,2628
1924,3156
1573,1676
216,2384
208,1035
19,968
1517,2363
19,1183
1206,3752
736,2387
2431,2600
1527,2431
1676,2723
2314,2431
1059,2335
231,2022
70,1416
1924,2021
231,1676
231,1391
1726,1923
1544,2706
1416,2617
2384,2427
2395,2959
1347,1527
2459,2617
3052,3785
2275,2683
1391,3535
1527,3569
736,2706
1088,2022
1721,3273
780,2021
216,2427
208,3070
1373,3052
1183,3864
208,1573
1380,1517
2361,2683
70,2959
2384,2700
1416,3160
288,1923
674,2431
674,2723
1347,3754
70,2700
104,2600
216,2021
70,736
344,1380
70,2021
1373,1527
1917,3910
674,2617
1380,2387
1416,2959
70,231
674,3176
1405,3225
1917,3033
1997,3146
2363,2976
25,1732
344,2861
2384,3070
3033,3608
1416,2395
968,2427
231,1544
25,1206
611,1573
736,1241
1483,2628
1416,2710
2723,2976
1183,2431
19,2710
1517,3052
2427,2861
1573,3033
736,2459
736,2384
3176,3676
1544,1676
1884,3623
1721,2253
70,3608
3176,3754
2021,2022
2907,3623
1997,2976
1676,3052
2628,3623
1997,2275
2022,3354
208,3052
1380,3033
1088,2976
1517,2700
532,2617
1527,2600
1517,2723
3033,3160
611,1380
968,3160
2253,3608
1732,3910
3070,3785
674,780
2459,3160
104,1373
1416,3535
1035,3225
2363,3354
25,3156
1373,1884
968,1676
288,1517
532,2723
2395,2712
1391,2657
104,1059
1544,3752
1088,1676
2314,3146
785,1206
1573,2617
1416,3608
1183,1380
2395,2606
1035,3864
2959,3070
288,1183
216,3917
288,344
1924,2335
25,2427
1088,2617
1405,1527
344,780
1527,2363
2628,3752
736,3785
780,2826
25,1924
2700,2907
2826,3623
1380,1544
288,2976
25,1405
1380,2683
1088,2706
1347,2395
3146,3160
780,2253
70,1923
1059,3156
2384,2723
780,1380
532,1373
344,2600
2959,2976
1544,2363
1527,1676
2427,3176
327,1206
216,2710
1373,3623
2387,3052
288,3033
327,3785
1923,2600
2657,3785
2431,3785
1527,3785
344,1884
25,2315
2384,3535
1347,3354
2600,2683
674,1527
736,1416
1544,2387
2387,2617
2387,2712
736,2363
231,2600
3354,3752
344,1373
216,288
1732,3225
327,2710
104,780
231,288
3623,3910
2712,2907
785,3785
2826,3910
1205,1380
2723,2826
216,3608
2363,2706
968,3156
1405,3033
2959,3676
1088,1884
1373,2384
344,2459
19,3070
231,968
2723,3225
1732,2253
2314,2617
2826,3033
19,2700
736,2021
2617,3623
1059,2959
780,2275
1884,3052
70,1405
2431,2483
611,1721
70,2361
1206,2314
1183,2363
532,2683
2459,2706
3623,3676
1676,2706
2387,2628
736,2314
2315,3176
208,3785
2253,2976
1416,2683
2431,2628
344,3623
2387,3569
2387,2427
1676,3033
1527,2826
1088,2384
1884,1923
231,1573
1997,2606
785,3354
208,3033
104,2700
70,1997
674,2959
532,3176
2459,3146
1483,1923
25,2710
532,3752
2459,2723
288,1373
1206,1732
1206,2700
2628,3354
327,785
1527,2617
1483,1721
2617,3910
1732,2976
104,2021
1732,2395
19,1721
2314,2706
1517,2706
344,3785
1059,1721
1241,2683
327,3910
1347,2427
1391,2395
2710,3146
2431,3569
2253,3623
1917,3917
674,1573
2431,2617
2628,3146
1923,2314
1380,2657
344,2363
532,3785
2315,2959
70,1088
785,2253
780,3917
2700,2959
1347,1721
70,1391
2710,3608
2314,3535
1035,2022
2395,3917
231,2976
1997,2712
208,2723
366,1676
1088,1527
1391,1676
216,2363
2683,2723
1917,1924
2976,3608
1732,2021
674,3623
1088,1924
1347,2959
1517,2253
327,3623
327,2700
736,3752
1059,1573
231,2700
2431,2657
1035,1924
968,2395
1347,3176
70,3052
327,3176
1573,2907
2706,3225
1732,2427
1573,2363
674,2976
104,3608
2483,2706
344,1676
1732,2907
1347,2710
2459,3156
1416,3623
3176,3864
70,1917
785,1997
2617,3754
2700,3785
780,1721
1059,2976
2976,3273
1421,3156
1380,3752
1241,3354
1517,1732
674,2021
2723,3070
2395,3225
3160,3225
1676,3070
327,1380
1380,2253
2395,2600
344,1391
1380,1924
2335,2628
104,3273
736,3754
968,2387
736,1573
2384,2710
1416,2361
1405,1732
1732,3033
968,2384
2683,3156
288,785
674,3273
2021,3864
968,1206
611,1923
1732,3608
1391,1732
2387,3623
366,1917
1373,2617
1527,3052
2976,3033
1206,1416
2395,3910
1676,2021
327,1517
1373,2976
2021,3070
1373,3752
1405,2363
2712,3752
1380,1573
1732,2335
216,2361
2723,3608
2683,3864
70,3623
208,1059
532,2700
70,2600
2959,3160
1035,1726
1573,2431
344,736
1527,2361
1416,1917
1059,2395
2628,2861
1059,1347
2361,3160
3623,3785
1726,1924
288,2021
70,3785
327,2683
1241,1373
288,2363
2861,2976
1416,2706
327,2395
1347,1923
1405,3535
2617,3070
1676,3273
1405,1676
2335,3608
2384,3864
1573,1924
1721,2361
1391,3676
2021,2431
1732,2606
3623,3917
231,3273
1347,1517
2976,3176
1517,2826
1206,3146
3160,3864
216,2483
2335,2657
1088,2657
3146,3535
3273,3676
1183,2387
785,2706
1206,3917
2606,2628
2459,2700
674,736
1391,2335
208,3535
216,3070
1527,2723
216,1416
968,2657
1347,1917
968,3754
1923,3156
216,1544
231,2314
1544,1924
1206,3676
2617,3354
208,1721
1088,1347
1183,3676
216,2700
2431,2459
1721,3156
70,3676
674,1206
231,3913
2314,2700
1544,2617
1205,2712
2459,3754
2606,2710
1059,2723
2600,2826
19,3913
1544,2253
3070,3535
1527,3156
736,1205
1527,1884
19,2022
2361,3052
216,1421
532,736
327,3052
327,1573
288,3146
1373,2826
532,3354
611,2314
1517,3754
2395,2907
1483,2431
611,2959
19,25
3273,3354
674,1391
1391,3033
1373,1416
1517,2387
1391,1405
785,968
2617,2861
2363,2959
1527,3864
327,1544
780,1347
2315,3569
1676,3785
1527,2387
1059,3354
3070,3623
327,2959
1527,2976
2459,2959
19,2628
780,3354
288,2427
231,327
785,3535
2021,3535
70,2826
1206,2387
216,3676
1088,3623
2021,3033
19,288
2600,2700
231,1059
1088,2021
1391,2826
2335,2959
1241,2335
1206,3910
2683,3225
1924,3623
1573,3752
1059,1391
2706,3156
611,780
1206,2427
2022,2706
968,3273
366,780
288,2606
1405,2861
2459,3354
2706,3033
1924,3160
288,1391
1721,3864
1721,2907
208,3917
2335,3070
19,1732
344,532
104,3676
344,1059
2959,3535
1544,1721
3160,3752
1059,3752
1573,2387
1997,3225
70,1544
231,1721
104,3917
2335,3052
1517,2606
1997,2600
1183,2253
1884,2861
19,2617
216,1527
1347,3160
1405,2710
1884,2826
3354,3676
1206,3535
1884,2700
611,2395
231,1205
2335,3569
288,3752
2387,2976
1517,3033
1380,2363
104,3052
1347,3569
104,674
780,3623
70,3535
344,3608
2600,3273
736,2253
327,1917
2606,2657
968,2335
674,1380
1373,1676
231,2431
1206,2907
1405,3070
532,3160
1205,2361
1924,2976
1206,2600
216,2959
1347,2723
208,1347
2314,2628
2361,3754
1347,1573
1997,3752
674,1923
1241,1721
1373,3913
1676,2617
1726,2459
216,1573
2335,2976
19,2826
2600,2712
1517,3785
1544,3910
736,2361
1035,1373
1059,1380
1917,3752
2712,3608
2431,3033
2427,3864
344,1088
2700,3754
1416,2384
1405,3176
2600,2657
1059,3535
2363,2427
1917,2314
1676,3917
1997,3273
2022,3176
2683,2706
611,2384
1183,1884
70,785
1416,1721
2384,2861
216,736
1183,1205
2606,2712
1884,3608
104,1416
968,2976
1924,2723
785,1676
2826,3917
611,2907
366,3785
736,1035
2361,2723
1391,3754
2700,3752
1206,1997
1732,2723
1205,2683
532,3052
1517,3608
1183,2606
2431,3070
2700,3910
1183,2361
1923,3864
532,2710
1923,3676
216,1347
2617,2826
532,1035
366,1544
1726,3535
2959,3917
2861,3676
25,2712
2021,3676
2021,3156
2427,3608
1517,3273
1421,3608
674,1732
2657,2907
532,3225
2253,2617
968,1391
785,2826
1088,1183
1380,2021
1924,2387
25,968
2363,2431
1035,2600
327,1997
70,532
19,1088
3033,3070
3354,3785
1241,3052
1373,1380
231,3623
366,2683
1676,2253
2907,3070
216,532
1391,2723
2387,2706
1405,1884
1924,2617
674,3156
2617,3676
611,2628
19,3864
2384,2387
1205,1544
208,3623
2275,3354
2021,2363
3535,3752
1241,2628
208,2826
2387,3535
1059,2826
1544,2628
674,1035
2600,2617
70,3070
674,3160
2395,3754
1732,3917
1544,3623
2459,2710
1347,2706
785,1924
288,2712
2710,3569
1373,3070
1206,3225
1517,2600
70,2907
1035,2253
25,1726
2022,2826
1416,2712
2384,3156
344,2253
1405,3156
674,3913
1035,1059
19,2427
1380,3676
785,2861
1183,3752
1421,2628
532,3273
1917,3754
366,2657
2706,3273
2335,2723
231,674
2021,3917
1373,3785
19,736
1517,2022
2387,2710
2459,2712
1721,3225
1416,1421
2387,2683
1391,3225
532,1517
366,1206
1924,3033
3033,3910
208,2459
288,3676
2459,2861
1732,3864
1923,3785
208,532
1726,2959
1059,2657
2459,3623
2427,3754
2683,3676
2600,3156
1347,1676
3535,3754
2427,3535
2314,2683
2021,3752
231,2861
2976,3052
1416,2657
2363,2710
2710,3917
1676,3354
208,344
2861,3569
344,2361
327,736
1726,3917
2427,2712
1183,2427
1380,2022
231,3156
70,3752
1917,2617
25,2395
344,2431
2361,3752
2021,2826
1373,2459
1206,2976
366,2314
2384,3608
208,216
1373,3033
19,2021
366,2335
327,2384
968,3146
785,2976
25,3910
1924,1997
2959,3752
208,2335
1405,3052
2363,3160
208,780
2710,3535
216,1924
780,1416
288,2253
1676,2861
1347,2976
1373,3917
1206,2459
2431,2826
2907,3052
366,1517
1917,3569
70,2253
2431,3623
1924,2959
1035,1347
3070,3608
1924,3146
2361,2826
1527,3146
2021,3785
532,2861
3160,3535
674,1544
327,1347
3070,3917
366,3033
1917,2706
1676,2363
1917,3273
216,1380
1405,2706
231,3033
1721,2335
1373,3864
1405,3273
19,2363
1924,3752
1573,2314
2861,3910
1373,2606
1676,1917
1391,3608
1347,2826
208,1088
2706,2861
736,1059
366,736
1726,2427
1380,3785
344,2275
2431,2706
674,3052
2427,3070
1997,3608
25,2459
2700,3535
1088,3070
288,327
1416,3052
785,2723
1088,1573
674,2606
2335,3913
532,2021
104,2253
2600,2959
344,3917
208,1527
1035,1721
1544,2361
785,1732
1884,2723
288,1405
2395,3608
1088,3785
1726,1997
2826,3754
3052,3146
19,1380
2606,3160
1405,2712
104,208
1206,3160
2459,3752
1088,3354
785,3752
3354,3623
1347,2384
2022,3156
1923,3917
19,1676
1573,3623
1726,3160
968,3070
2712,3917
2826,3273
1405,2723
104,3910
2335,3156
3156,3785
1732,2315
1517,2459
344,2706
216,2826
2395,3160
216,2723
2384,2712
1088,3917
611,2683
1347,1544
1205,3052
736,3623
1405,2253
104,2826
1544,3354
3225,3535
1517,2314
216,674
2600,2723
1347,1391
785,1416
344,366
216,1676
2976,3535
968,1726
2314,2363
674,968
2395,2427
70,344
1088,2363
2712,3160
19,3052
1391,3273
2363,2395
2253,3785
2275,2395
1483,3070
1527,1924
1544,3917
2723,3156
1676,2606
2459,3070
3754,3785
1721,1917
2253,2683
2600,3864
3569,3752
231,1884
19,2384
1923,2363
2959,3146
1884,2657
968,3225
2315,3354
785,1391
327,1726
532,1205
1059,3070
1721,2431
2363,2657
2826,3752
2021,2361
1884,3033
1517,1923
1380,3146
19,3910
231,611
19,1573
2021,2600
968,2700
231,532
208,3752
968,3608
288,1059
1206,3608
2683,3273
1726,3052
2683,3033
25,3160
344,3156
736,3864
968,3535
968,1405
19,2723
1517,3676
2275,3160
1380,2275
208,327
2700,3676
208,2021
25,2253
785,3033
1391,3752
366,1923
2314,3569
2907,3752
674,2706
1088,2314
1059,2384
3569,3608
1416,1544
1527,3910
19,2706
208,231
2600,3535
1391,3917
1205,3354
1544,2606
344,674
1241,1380
1416,1573
780,1205
208,2617
1997,3535
785,2683
1721,3754
1676,3752
366,3176
70,216
1924,2712
1923,2683
2253,3910
2427,2606
1088,3752
2657,3225
1035,3676
327,2617
231,1732
1732,2361
2431,3752
2395,2459
674,3785
2384,3225
70,104
3033,3273
288,2335
2826,3913
1347,2363
1483,2384
70,2363
1241,1917
1347,3156
216,2253
2361,3033
288,3160
2600,3160
19,3033
2021,3354
1391,2600
216,3052
208,785
2361,3623
366,3160
216,1391
1884,2315
327,1088
19,780
1573,3156
216,2617
1527,2335
736,3146
968,3785
2253,3052
25,1416
1416,2335
1380,3273
1726,1732
1544,3146
611,2861
288,1997
1732,3913
1721,2275
216,1483
1183,3569
968,2712
532,3070
1721,2606
1059,2861
3070,3754
1088,3273
216,3273
1997,2314
785,3917
2314,3864
1405,1997
104,1917
2363,3146
2483,2826
1206,2395
2335,3864
216,1732
208,1884
2700,3608
780,3273
231,3535
1573,1917
2315,3623
1527,2022
2710,2907
1416,3225
70,288
344,785
1347,1380
3146,3623
366,1573
674,2335
1205,2657
1059,1205
780,3754
1732,2275
104,1884
70,1924
1347,2861
1347,2617
1059,3917
1205,3623
1676,2826
3608,3864
1205,1573
2628,3864
1721,2861
288,968
3070,3156
327,3354
674,3033
2335,3676
2606,2959
1416,2700
208,3676
3156,3917
2427,2600
1726,3910
231,2706
25,3225
366,3623
3052,3752
288,2907
1405,2683
785,2712
2384,3176
288,3070
2826,3070
366,2431
2617,3156
1726,2657
1416,2723
611,2606
1732,3752
1421,2606
1059,1183
2723,3752
19,3156
327,1732
327,2314
366,1997
1205,2628
19,2314
2314,2427
1573,3910
3033,3052
1483,1917
1726,2700
1380,3917
3608,3752
208,1416
2606,3623
1416,1517
2387,2700
1373,2628
611,2723
785,3754
1035,3917
2431,3864
1205,3146
1923,2459
1676,2600
2021,2861
288,1416
208,1676
1732,2022
2335,2700
3052,3273
1573,3917
288,1924
366,3354
532,2431
611,2657
1380,2335
2314,3273
3160,3608
3146,3864
1206,3864
288,3864
1241,3156
968,2253
1421,3676
19,2976
1527,2021
2253,3273
3569,3754
1884,3354
1517,2315
674,1997
104,3785
1088,2253
1347,3623
2021,3754
3535,3608
2022,2907
1923,3225
2275,2710
1347,1884
3052,3754
1917,2361
1373,2861
1059,2314
1059,3785
344,3273
104,366
1347,3070
2387,3608
736,3910
1380,3156
1997,2907
2275,2976
231,1726
1732,3676
785,2335
1205,3225
104,1088
1923,2275
70,1884
2315,2427
70,2022
25,2976
532,2427
2600,2861
3623,3752
1373,2314
2361,3156
2712,3910
3608,3917
216,780
25,3864
2363,2826
344,611
1517,2275
327,3535
2606,3913
780,2617
1517,3864
1517,3910
3033,3785
2617,3146
2335,2459
1676,2022
1183,1726
2683,3910
216,3864
104,2683
2600,3752
2459,3033
366,2706
1205,3535
231,3785
532,3864
1483,2710
25,532
1923,2483
104,327
1347,3608
366,2826
344,3910
104,1405
2427,3146
611,2700
70,1676
2427,3160
2907,3913
1347,3033
1483,3033
216,3623
611,3752
1347,3225
216,2628
3608,3754
1391,2363
1380,1721
611,1035
1088,2600
1997,2387
2022,2431
2907,3535
2384,3752
2606,3535
1391,2253
2683,3785
366,2021
1517,1726
1924,3052
1573,3146
1416,3033
104,1676
1676,3910
70,327
1380,3864
1721,2315
1884,2710
2022,3160
25,1997
1205,1517
1573,3273
1573,2483
1483,3754
2275,3754
1088,1544
674,3910
2335,2600
785,2275
1483,3785
1205,3608
19,1884
2706,3785
532,3146
1416,3156
19,1059
366,1527
674,3535
208,1483
366,1391
2363,2606
231,2387
1391,1924
2861,3033
2363,2700
1483,2723
1183,3910
674,1059
19,3623
1917,3623
1059,1088
2253,3917
1544,2275
2826,3354
2976,3225
780,2861
1405,1517
327,2335
1544,2335
3225,3917
1726,3176
611,2706
1373,1421
1884,3160
288,2600
2022,3033
288,1206
19,3754
785,1405
2021,3225
532,1347
1391,3070
366,785
2387,3033
1183,2275
19,1917
2459,2657
288,2959
2712,3535
1726,2706
2431,3910
736,3156
3052,3569
231,2361
366,3146
1059,2315
611,1732
1676,2275
2314,3608
2395,3676
1527,2861
1241,2976
216,2861
216,366
25,2275
674,1405
2826,3785
780,3864
2363,2723
104,1517
2314,2710
2022,3535
1884,2959
1483,1676
19,208
1241,3146
2387,2395
344,1923
2459,2683
2253,2826
1416,2021
785,3225
1347,2253
25,288
104,1923
1241,2431
1059,2253
2335,2617
1347,2657
2617,3917
3676,3754
2683,3752
366,1732
968,3033
1405,1923
231,2683
25,674
2826,3864
1347,1373
2314,2315
19,3785
674,1416
1884,2427
1416,2606
1380,2361
674,2700
366,3156
2315,3070
674,2427
25,3676
1183,3070
1059,2907
19,3608
1241,1544
2683,3754
2314,2657
1884,3156
1205,2959
1416,1527
1732,3146
2361,3535
2483,3176
611,1391
19,3354
2335,3917
3070,3146
208,366
1205,2723
216,1923
1421,1924
3273,3623
736,1380
327,1405
25,2387
2253,2723
1035,2275
208,3146
2021,2907
25,366
3225,3608
1884,3917
344,3676
2253,3752
611,3785
1088,2459
1373,2600
611,1544
736,1347
1527,2253
1924,3176
2459,3225
2314,2907
1517,2335
104,2363
611,2253
674,785
2315,2723
674,2657
1726,2628
1676,3864
1347,2335
1206,3913
104,785
2976,3754
1924,3273
611,2976
2253,3354
1517,3752
288,532
2712,2976
216,1373
2384,3910
1059,3273
70,3156
208,1924
1205,2907
1206,1884
3176,3535
1205,2617
1924,2431
1726,2976
1205,2384
532,2387
1035,2431
532,2335
19,785
70,2431
1573,2606
1884,2431
2021,2459
2628,3156
968,2600
1035,1416
780,2606
19,1391
1088,3033
2657,3754
1416,2600
1676,2335
208,2387
1917,2253
216,3785
327,968
288,611
70,968
968,3569
2483,3225
1416,3273
344,1483
2706,3752
1373,3676
1088,1721
2022,2459
1884,2021
1924,2314
1676,3754
1676,2315
1405,1924
3160,3676
1405,2600
366,1183
104,2361
3354,3910
1241,2657
1483,2706
2907,3785
1421,2315
1347,3785
327,3752
736,1088
344,3033
3354,3917
344,1347
2275,3273
736,2617
968,2022
1884,3785
2657,3864
2363,3156
2022,3785
1035,3754
208,3754
216,2706
785,2387
1517,2483
327,3160
2657,3917
231,3910
104,3156
2826,2907
611,3623
70,3225
1726,2387
780,3146
1380,2861
2387,2959
611,2710
1347,1726
104,3754
1035,1380
1206,2712
208,674
2315,2363
611,1997
1924,2710
2431,3917
2315,2710
1924,3785
366,3070
532,3535
780,1544
19,532
216,1405
1997,2315
1347,1416
70,2335
780,2431
674,3070
2314,3052
216,2459
2275,2657
25,1241
1676,2907
1391,1421
1035,2459
3156,3752
1924,2606
2022,2710
1183,2314
2275,2459
1183,1483
1732,2363
2021,2335
736,1373
1573,2275
1088,3910
1347,3052
1726,3623
1544,3225
785,1517
968,2606
1884,3752
3146,3354
532,3754
1924,2427
532,2395
2315,2826
611,3176
1421,3623
25,1347
780,1241
2335,3273
2861,3785
968,1884
674,3354
1421,1726
2459,3608
327,1421
1573,2861
780,1088
532,2712
3225,3754
366,1088
2606,2826
1483,1997
1726,3608
674,1205
366,2427
1726,3752
2361,3354
2021,3146
366,1380
19,1205
2022,2363
288,3917
3273,3569
2959,3910
674,2712
104,1483
2431,2606
1483,3176
2315,2431
208,1917
2600,3146
2483,3752
1205,2706
25,1884
2314,2976
1416,2431
2387,3785
1205,1884
288,674
344,2314
1205,1391
216,1059
1241,2253
2959,3913
2710,3676
1917,2606
344,1205
2387,3676
1721,2483
2275,3623
327,3608
208,3354
208,736
3033,3676
2022,3070
288,366
1924,2395
19,70
1405,3752
1527,1726
2617,3273
3033,3864
70,1205
1483,2861
611,1206
1391,1726
2600,3052
208,2606
532,968
2600,3033
532,1997
2022,2395
1347,2606
1183,3225
344,3225
2959,3225
3052,3910
2275,3910
2387,3273
2907,3176
19,2600
1416,2363
2628,3225
104,2706
2657,3146
1405,3676
104,2459
2617,3569
25,2022
366,2723
1380,2431
231,2459
1183,1241
2706,2907
2700,3146
736,1721
1544,3156
1380,2315
2275,2315
2628,3910
208,1544
2459,2600
3752,3785
1373,3225
1726,2712
2606,2700
3146,3754
785,2361
2459,2826
70,3273
1380,2314
611,3608
1884,2395
1380,3754
611,1517
1391,2387
2959,3864
344,3754
1405,2459
1884,2253
2253,2657
1544,2315
2275,3917
19,1373
366,1373
1732,1924
2657,3676
366,2710
1676,3156
1373,3146
1205,1997
532,785
2395,3864
1373,2335
1544,3273
2606,3608
19,1405
736,2907
3052,3225
3273,3910
1405,3785
2315,3676
25,611
2275,2861
2361,2617
2384,2606
1035,2363
1241,2387
532,1206
3033,3225
2253,3033
1035,2314
2314,2959
1405,3910
3785,3917
1923,2606
2600,3070
366,2022
1483,3864
1884,3754
1347,2700
674,2683
70,208
19,1347
3676,3864
2335,2706
1405,1483
780,3156
1088,3146
785,1205
1997,3569
216,785
532,2314
1924,2600
1483,3623
1206,2363
785,1726
327,3033
1380,1483
785,1884
1483,2314
532,3910
1421,3864
1373,2021
1421,1573
3273,3785
344,1405
1206,2022
19,1544
2315,3033
1997,3910
2483,3754
1059,1416
1732,1884
611,2600
1517,3146
785,3608
785,1483
2022,2959
1527,3754
2387,2723
2315,3052
3225,3785
366,1059
1416,2459
1884,3070
1205,2700
1391,1884
1923,2706
1405,2976
2459,2976
2314,3160
1347,2600
2976,3917
1373,2387
1732,2387
1573,3225
2314,2335
1923,3146
2335,2826
1035,1205
2314,2361
216,3354
2459,3785
3752,3917
208,1205
611,3864
785,1347
2907,3225
1924,2657
2387,2431
2361,2976
19,1923
2253,2600
2022,2387
1035,1483
780,1373
674,3917
2314,3752
2314,2395
1726,2606
2907,3608
1391,2459
70,2275
785,1421
1405,2314
231,2275
1997,3676
1206,1726
1544,2431
2387,3917
2387,2861
2363,2384
2387,3910
1924,2315
327,2657
208,2361
208,2363
1059,1884
366,1884
1059,3910
1088,2826
344,1726
2314,3176
611,3033
2022,2315
2021,2253
208,611
2976,3156
2022,2384
1391,3864
231,3676
2606,2976
532,2253
2976,3146
1035,2361
1380,2606
2683,3146
2907,3917
1923,2335
736,3354
1483,3535
2361,2431
532,1732
231,3608
780,3910
1183,1416
1035,2483
1884,2335
2907,3864
1416,2861
208,3156
1884,2976
288,2361
1391,2361
1483,1517
1544,1917
2022,3052
2712,3676
1405,2387
1373,3273
2275,2427
216,3913
216,1917
1205,3910
1416,3676
327,2021
1917,3146
1416,1924
208,2431
2022,3569
1205,1483
2315,2657
611,2712
366,2395
104,3752
1035,2387
1726,3913
532,2606
327,1527
736,2335
1405,3754
1421,2706
2022,2723
1676,2361
2335,3354
2314,3623
1391,2022
1483,2826
780,3225
366,3754
1726,3676
1205,1917
2861,3623
1544,2861
1380,1416
3033,3156
780,2907
2315,3160
2907,3273
2021,2387
327,1373
2606,3052
1373,1917
674,1517
1059,2022
780,3569
231,1517
2600,3910
1917,3864
216,3225
2826,3156
104,1241
1205,2335
1059,2600
344,1517
2606,3354
2315,2976
1917,2483
2706,3146
1421,2431
2022,2253
2700,3917
2363,2861
968,1205
3569,3917
611,1088
1088,1416
70,366
1884,2600
288,1205
1347,2387
2606,3785
2021,3913
25,2314
2021,2315
611,3910
1183,2022
2361,2600
1923,2387
611,1527
2253,3156
785,1923
1205,1676
366,2363
344,2606
3608,3913
3273,3754
288,1726
1924,3754
2335,3754
1088,2387
1380,3910
3225,3623
2628,3913
2387,2600
2361,2700
611,1059
3273,3917
2606,2617
104,3033
2361,3146
1391,2907
3785,3864
1421,2683
25,3917
1059,2431
2335,2387
1405,2335
1183,2600
1483,3752
1035,2315
780,2483
1917,3354
327,1676
2431,3146
1380,3569
2712,3754
1997,2022
288,1347
674,1884
2314,3913
3052,3864
2335,3785
1483,2617
327,2976
1884,2022
19,3225
231,3917
532,2657
2706,3864
344,2387
1347,1405
611,2361
3354,3754
674,2826
736,780
780,2335
1205,2021
344,2683
785,2907
2253,2335
2606,2723
2253,2363
674,1373
1035,3910
674,3146
3146,3676
1347,2022
2706,3910
1205,1732
968,3676
344,2315
19,1726
288,3913
231,3864
208,1373
611,3156
674,1347
2335,3623
532,2976
674,1726
2431,3273
327,1924
2657,3910
1380,1726
216,1088
1205,1527
1035,1088
19,2253
1373,2253
1732,3754
2617,3225
1527,3913
1373,1544
231,3754
231,1347
366,2617
327,2826
70,3917
231,3146
2976,3864
1421,2907
327,2431
3160,3754
231,1405
785,3864
3146,3273
216,2022
1726,1884
2022,3273
2363,3033
1206,2361
2275,3864
1726,3070
1923,3752
2861,3146
736,1544
1373,2431
2861,3273
674,3752
532,2384
1405,2384
1088,2335
968,1997
968,2275
1924,3070
1088,2315
532,1416
674,2483
216,2600
1924,3917
1676,3146
2710,3864
1416,2976
2723,3146
70,2314
2363,2387
19,327
3070,3569
2384,2459
1726,2021
1380,3225
327,2723
2314,2712
1527,2907
2976,3913
2022,2657
2600,2976
2628,3569
327,1059
3273,3752
70,1347
216,1884
2022,2335
2427,3917
736,2606
1241,1573
1924,3608
1206,2315
19,2431
2861,3752
968,3752
1059,2275
366,2700
1923,3569
19,2459
1205,2459
2628,3754
2431,3754
1884,2606
785,3146
288,3225
674,2600
1416,2022
2976,3910
968,3910
1726,2683
1059,3676
1884,2712
674,2387
1884,2907
1726,2723
366,3225
736,1917
611,1676
2427,3910
19,611
70,2387
1917,2861
2335,3225
1421,2861
785,2459
104,3864
1421,2617
2395,2976
2606,2861
2361,2395
2826,3569
1059,3754
2976,3160
1241,2395
327,3917
2606,3917
2253,2431
1997,3917
104,231
1573,3754
1241,2706
2427,2459
3910,3917
25,2361
2335,2683
1035,1241
2976,3676
1205,1347
968,3917
674,3608
104,2907
327,1416
3569,3785
1544,2907
2335,2861
2387,2826
1924,2700
1721,3910
3156,3754
1726,2826
532,674
3623,3864
1206,1924
216,327
344,3864
1917,2315
104,2431
968,1924
344,2907
1726,3785
2606,3033
736,3569
611,968
1059,2361
1483,2683
2384,3569
2275,2700
1088,2431
1088,1917
1416,3785
2361,2387
1347,2907
2253,3864
611,3273
968,2907
3623,3754
1416,2253
1059,2387
611,1917
736,3917
1205,3569
19,2861
1924,3225
19,2315
3225,3273
2022,3917
231,366
2335,2363
1205,2826
104,2315
216,2683
3676,3785
1483,2712
25,1483
2712,3864
3535,3676
231,2907
2600,3917
780,2315
674,1241
1241,3176
1421,1527
1917,2387
785,3569
736,3273
1917,2907
366,3752
1380,2907
1405,2361
327,2600
2683,2907
785,3913
532,2600
1483,2657
532,1726
1997,2361
1573,2361
344,1421
1373,2363
611,2335
2335,3752
674,2384
1391,3146
1573,2335
3569,3864
1483,2387
2606,2683
104,2606
2861,3156
1088,2275
1347,1924
1373,1924
366,3676
1421,2427
2315,2617
288,2022
736,2861
611,3354
1421,2275
2022,3146
611,2617
1517,2907
2314,2723
1241,2021
344,2335
1527,2606
2253,2314
231,1923
1544,2483
3070,3864
19,1517
2600,3608
1088,3676
1416,1726
611,785
1205,1373
1347,3535
1373,3354
366,2253
1205,2431
3676,3917
2363,3070
1416,2907
70,2606
3033,3146
231,785
611,1884
1059,3913
2431,3676
1923,2315
2483,2628
104,1726
1035,2907
611,2021
1483,1884
1483,3052
231,2335
736,3225
1416,2314
1917,3156
2363,3754
104,2387
1924,2384
19,3917
327,1241
1405,2907
785,2022
288,2387
344,3752
785,3676
674,3754
25,3569
327,3146
1544,1726
3070,3676
532,1405
611,736
1726,3156
2861,2907
2907,3033
2459,3273
674,2907
1923,2907
1405,1726
2710,3910
2314,2606
1573,1726
208,3569
2314,3354
1721,1726
1373,3754
1884,1924
327,3070
366,2384
1884,1997
3160,3910
2459,3864
1726,2600
70,3864
2384,2907
2361,3273
2826,2861
968,2314
1483,2253
1527,2315
2275,3752
19,3273
208,2907
2314,2384
2606,3752
70,611
208,2253
3754,3917
2606,3754
3146,3752
1205,3273
327,1391
1347,1997
1059,3225
3146,3917
1527,2314
1088,3156
2427,3913
1544,3864
2387,3070
2361,3910
216,1205
2361,3785
2706,3754
208,3910
19,3676
1035,3913
1421,3176
1726,2314
2363,3608
1421,3070
611,2826
366,2387
1917,2335
1059,2606
1917,2275
2600,2907
532,2363
1483,3608
1997,3913
231,1483
1884,3535
2387,3864
2361,2710
2361,2427
70,3910
1997,2363
208,2483
611,1416
2315,2706
231,2606
1416,3754
327,1884
19,104
1391,2315
1483,2022
1206,1483
1544,3569
1205,3785
2022,3608
288,2315
2431,3354
1391,1483
1483,1527
70,1483
2314,3156
366,2712
1088,1483
3535,3917
2021,2606
3146,3785
1726,2363
208,2861
216,2315
208,1421
208,1241
2723,3864
216,3033
611,3070
3225,3569
2335,3910
1483,2700
3623,3913
2907,3354
1373,2315
3752,3754
3156,3273
366,2976
2361,2712
2275,2959
1923,3754
366,968
780,1917
104,344
1391,3913
1205,3913
1088,1373
1676,1726
2606,3864
2361,3917
785,1241
736,1483
70,1726
532,1884
231,1421
1676,2387
2483,2683
1088,2907
2617,2907
2335,2431
327,2361
3156,3354
366,1416
1088,2861
2427,2976
968,2363
1183,2483
1573,3864
327,532
327,2861
104,2275
1088,1241
366,3608
1884,3146
327,2606
532,1059
785,2606
1205,3917
674,3676
2363,3910
3156,3864
1726,3273
532,2022
3569,3623
2315,3754
1380,2483
1676,3569
2021,2275
70,2459
1483,1544
104,1205
208,3913
1206,2483
1205,3156
2361,2657
1416,3910
2907,2976
288,1241
216,1517
2275,3535
1205,1421
366,1924
736,2275
1347,2314
1924,3535
1405,3608
1483,1732
288,2483
104,3225
70,3146
327,3864
216,1726
19,674
1347,2361
1676,2483
1391,2314
2315,2712
2431,2861
2275,2628
2723,3910
1732,2314
968,1347
327,2907
2314,3033
2387,3225
3052,3913
2606,2907
785,2315
366,3535
366,1035
2600,3913
1241,3752
70,2315
1726,3033
2022,2314
104,611
3033,3752
2600,3754
327,3754
611,3676
327,1205
1088,2606
736,2315
2459,3913
2723,3754
1206,2275
327,3273
532,3913
344,3146
1924,3676
532,3608
532,1391
2606,2706
366,3052
532,3917
104,3913
2361,2363
327,2459
1924,2253
1405,3146
2363,3676
1924,2022
1241,1517
1483,2427
1059,2363
611,1373
2022,3910
366,2606
2361,3608
1726,3354
1917,3225
1483,1573
19,2387
674,2022
2384,3754
1726,2617
19,1483
1088,1205
3535,3864
1483,3676
2723,2907
1205,3676
19,2606
1241,1884
327,674
19,2335
1241,1416
327,2022
2253,2459
1347,3676
1884,3676
216,3910
3676,3752
1206,1241
3070,3910
366,2600
611,2275
532,2459
2600,3676
2363,2907
1241,2826
366,1726
1205,2387
104,2861
1884,2314
2275,3608
208,2314
2315,2683
2361,3569
2314,3070
736,2431
2022,3754
2022,2712
1917,2431
2022,3225
2314,3910
1205,2606
216,231
327,366
1726,3569
2253,2315
1726,2483
611,2387
3033,3913
2363,3752
1205,1405
2363,2600
2361,2606
2363,3917
1544,3913
611,3146
19,2683
2683,3913
1405,2275
2606,3146
2253,3146
2361,3070
2315,3225
1088,3754
674,2253
2022,2427
216,3752
2363,3535
2315,2861
2683,3569
1088,3913
1421,1544
216,2907
2459,2907
3160,3569
1924,2361
1088,3225
231,3752
2657,3569
1726,1917
2459,3535
968,1483
1391,2606
611,1405
2826,3146
2600,2606
1421,3033
2315,3146
1884,3910
2335,3033
19,3146
736,1726
611,2363
1483,3354
1421,2384
1059,1483
611,1924
1676,3225
2387,3354
674,2861
1483,2976
2275,2826
366,2361
2253,2861
288,1884
2253,2907
216,344
216,2431
1527,2275
1391,2275
532,1924
2315,2700
3225,3752
1416,2315
1241,1732
2022,2976
366,2459
2253,3913
3676,3913
2253,3070
2315,3752
2606,3273
1205,3033
366,1405
2361,2384
1726,2022
1205,2600
2459,2606
1527,3225
1035,3569
3225,3913
968,2315
1884,2459
2253,3225
366,3910
1088,3864
1483,3160
1726,2315
1241,2314
1884,2363
611,1726
1924,2459
2275,3052
1059,2459
2275,2384
2275,2706
3608,3910
2275,2617
2483,3070
1205,3070
288,1483
1726,3754
532,2315
1483,3910
1405,2700
1405,2606
1241,2700
2907,3156
3864,3910
1421,2363
2022,2861
1205,3754
2315,2387
104,1421
1241,1726
2387,2606
1405,3917
2861,3917
1088,1380
1241,2427
2861,3354
674,2459
288,2275
3156,3913
2315,2384
1347,3752
1997,2459
2606,3070
1483,3273
1347,3146
2907,3676
1241,3623
1573,3569
1059,1924
1241,3785
1059,3864
3608,3676
1205,3752
1726,2907
1884,2361
366,674
216,2606
2459,3917
674,2363
208,3225
3354,3569
611,2459
1373,3569
3354,3864
2275,3033
1205,2363
216,3569
344,2483
532,611
2314,3754
1206,1421
1573,2315
1483,2959
1421,2021
2459,3569
216,1241
2275,2335
19,3752
2606,3569
2314,2826
2314,2600
70,2483
2483,3033
1241,3225
2022,3752
1884,3225
2700,3864
1241,1527
1416,1483
1416,3913
2395,3913
2275,2712
288,2314
1347,3273
1517,3913
3273,3913
104,2483
2314,2459
1483,1726
2395,3569
1205,2861
674,3225
327,1483
674,2275
2315,3273
327,3156
2861,3754
611,2315
3754,3910
2387,3146
2022,2600
2314,3225
2314,3917
1373,1726
19,2907
3225,3354
1347,2459
3535,3910
611,3535
2253,2606
1241,2959
1373,3156
674,2314
3676,3910
1483,2275
2253,2361
611,674
3146,3156
2700,3913
736,1421
1405,1416
231,2483
104,3146
366,2861
1241,1391
1483,1924
2427,2907
1544,3754
3752,3864
1088,2483
1205,2253
1421,2335
611,3225
2022,2700
208,2315
2826,3225
3752,3913
1373,2907
2275,2600
216,611
2387,2483
1416,3917
2600,3569
1483,2600
327,2387
216,2387
674,2361
2483,2700
3070,3913
327,2363
780,1726
19,216
2335,2606
1241,3070
1391,3569
2427,3676
2361,3864
3160,3913
1241,3864
1241,1483
532,2275
1241,2907
1380,1421
1884,3864
1726,2335
208,3864
1205,1416
2431,3913
2907,3146
1884,2387
288,2459
2387,2907
968,3864
611,2431
1205,3864
1676,2314
1241,3033
1997,3864
2335,2361
1088,1726
1241,2723
1483,2021
1205,1241
231,2315
2022,2483
3273,3864
366,532
327,3676
2387,3156
216,3156
2361,2861
2363,2459
1483,2459
3146,3910
785,2314
2314,2483
2483,2617
611,1347
2483,3273
532,3676
2387,2459
1483,2315
2315,3785
780,3913
2275,3156
1721,3913
2431,2907
1421,2022
532,1421
2483,3146
1483,3913
736,3913
1373,2483
1483,2606
1923,3913
1421,1732
1483,2361
1416,3569
2335,2907
2459,3676
2483,3052
3156,3225
327,2253
2459,3910
1241,1997
25,3913
1924,2363
2976,3569
2387,3752
2022,2361
532,1483
2021,2314
2253,2387
366,611
2335,3146
2431,3156
3225,3864
19,2275
611,1483
674,1924
1241,2617
674,2315
2315,3156
1421,1917
1205,2022
2361,2459
344,3569
1205,1726
1483,3146
2363,2483
1421,2459
2606,3225
2275,3225
2253,3754
1241,2315
532,1241
1059,1241
216,3146
2315,3913
2384,3913
3785,3913
1917,3913
1347,1483
1241,1923
1483,2335
1241,3160
1241,2022
2606,3156
3070,3225
2314,3676
1405,2022
1241,2600
2315,3608
2315,2600
1732,3569
2315,3535
611,1205
2723,3913
344,1241
366,3569
780,1421
2022,3676
70,1241
208,1726
2021,3569
2315,2335
611,3917
366,1483
366,1205
2275,2363
327,611
216,2275
1205,1924
1059,3569
3156,3569
2427,3569
1241,2712
1421,2959
366,2275
1573,3913
2022,2275
674,3864
1347,3917
1726,2361
231,344
1241,3273
366,3864
1726,2431
1405,3864
674,1483
2606,3676
1726,3146
1241,2861
611,3913
216,2335
366,3273
3535,3913
1206,3569
532,3569
208,2275
2387,3913
1421,2600
1347,3913
327,2315
1241,2710
3864,3917
3146,3225
1347,2315
1241,2363
2483,2710
1884,3913
1726,3864
2275,3070
3354,3913
366,1347
1421,2657
2959,3569
1241,2606
2384,3676
1241,2275
327,3569
2361,3676
2315,2459
1347,1421
2253,3569
1405,1421
1421,1721
1517,2683
2275,3676
532,2361
736,2483
1373,2275
1347,3910
25,2483
19,231
2275,2431
288,3910
2483,3160
3033,3569
104,2335
2657,3913
1421,2710
2275,3569
1421,2253
19,366
3156,3910
2363,3913
1241,2459
2483,3864
2275,2361
366,3917
1421,2395
1421,3535
366,1241
1380,3913
1726,2253
1416,3864
2606,3910
25,1421
2861,3225
1405,2315
968,2361
1373,1483
1405,3913
968,1241
1241,1924
1421,2361
968,2459
1059,1421
2022,3864
1241,3535
2315,3917
1241,3676
532,2907
327,3225
3569,3676
785,2483
327,2275
2431,3225
1205,2275
1676,3913
2483,2959
1421,1923
1483,3917
1924,2275
1241,1676
2315,3864
3176,3569
611,1241
2710,3913
2395,2483
2712,3913
1241,3754
2387,3754
3176,3913
1924,3864
1183,3913
366,2483
1483,2907
2483,3156
288,1421
2275,3913
2712,3569
1421,1676
1421,3273
1726,2275
231,3569
1241,1347
19,344
2315,2606
2275,3785
1726,2861
2907,3910
1241,1405
2706,3569
2253,2275
3146,3569
2314,2387
19,1241
2483,3354
19,1421
1347,3864
2275,3176
2021,2483
1241,3917
1421,1884
2335,2483
2706,3913
2275,2723
2022,2606
70,3569
1517,3569
19,2483
2483,2600
1205,2315
2315,2361
611,3569
2315,2907
1241,3910
104,216
2700,3569
1391,2483
1241,2361
1483,3225
327,3913
2483,2606
2861,3864
1405,3569
1421,2712
1732,2483
1183,1421
1416,2275
2907,3754
70,3913
1421,3146
2275,2483
1997,2483
2275,2387
2275,2606
3535,3569
968,2483
1347,2483
1088,1421
70,1421
1527,2483
1416,2483
2361,3225
1421,3052
2617,3913
1405,2483
2275,2907
2483,2976
1421,3354
2723,3569
3225,3676
2363,3864
366,2907
968,1421
231,1241
1483,2363
2361,2907
104,3569
1884,2483
2483,2723
3569,3910
2459,2483
366,3913
1241,3608
366,2315
1421,3160
611,2483
2253,2483
3910,3913
532,2483
3754,3913
2483,2657
1059,2483
2483,3917
2483,3608
1421,2700
2315,2483
1421,1517
1924,3569
2022,3913
1421,3752
968,3913
2315,3910
2483,3785
1924,2907
2427,2483
1884,3569
1421,1997
2275,3146
1421,3785
2361,3913
2363,3225
1241,3569
674,3569
327,2483
2483,3569
2907,3569
2861,3913
3864,3913
3754,3864
1035,1421
2361,2483
2483,2712
2483,3535
1421,1483
1205,2483
1421,2723
1483,2483
1884,2275
3913,3917
2483,3910
2384,2483
1088,3569
1924,3913
2483,3676
1241,2384
1924,2483
19,3569
288,3569
1483,3569
1421,3910
1241,1421
1726,3225
2483,2907
1241,2483
1421,3913
1241,3913
1421,2387
611,1421
2483,2861
2483,3913
1421,2483
1421,2314
1421,3917
1421,3569
1421,3754
1421,3225
3569,3913
366,1421
2363,3569
674,1421
